72
1 72
1 0 0 0 5 4 2 1
2 0 0 1 4 3 0 0
4 2 1 5 6 9 3 4
5 1 0 0 0 6 4 0
6 4 5 0 7 8 9 0
3 0 2 4 9 0 0 0
9 3 4 6 8 10 0 9
10 0 9 8 11 0 0 10 
8 9 6 7 72 11 10 0
7 6 0 0 0 72 8 0
11 10 8 72 70 12 0 0
72 8 7 0 71 70 11 72
12 0 11 70 13 0 0 0
70 11 72 71 69 13 12 0
71 72 0 0 0 69 70 0
13 12 70 69 68 14 0 0
69 70 71 0 67 68 13 0
20 0 19 23 21 0 0 0
21 20 23 22 0 0 0 0
19 0 0 18 23 20 0 0
23 19 18 24 22 21 20 0
22 23 24 0 0 0 21 22
18 0 17 26 24 23 19 0
24 18 26 25 0 22 23 0 
17 0 0 16 26 18 0 0
26 17 16 27 25 24 18 26
25 26 27 0 0 0 24 0
16 0 15 28 27 26 17 0
27 16 28 29 0 25 26 0
28 15 14 30 29 27 16 28
15 0 0 14 28 16 0 0
29 28 30 0 0 0 27 0
14 0 13 68 30 28 15 0
30 14 68 31 0 29 28 0
57 0 0 0 56 58 59 0
56 57 0 0 0 55 58 0
59 0 0 57 58 60 0 0
58 59 57 56 55 54 60 58
55 58 56 0 0 0 54 0
60 0 59 58 54 61 62 0
54 60 58 55 0 53 61 0
62 0 0 60 61 63 0 62
61 62 60 54 53 52 63 0
53 61 54 0 0 0 52 0
63 0 62 61 52 64 65 0
52 63 61 53 0 51 64 52
64 65 63 52 51 50 66 0
65 0 0 63 64 66 0 0
51 64 52 0 0 0 50 0
66 0 65 64 50 49 67 0
50 66 64 51 0 48 49 0
40 38 39 41 0 0 0 0
41 39 42 0 0 0 40 0
42 43 0 0 0 41 39 0
39 37 43 42 41 40 38 39
38 0 37 39 40 0 0 0
37 36 44 43 39 38 0 0
43 44 45 0 42 39 37 0
36 0 35 44 37 0 0 0
44 35 46 45 43 37 36 44
45 46 0 0 0 43 44 0
35 34 33 46 44 36 0 0
46 33 47 0 45 44 35 0
34 0 32 33 35 0 0 0
33 32 48 47 46 35 34 33
47 48 0 0 0 46 33 0
32 31 49 48 33 34 0 0
48 49 50 0 47 33 32 0
68 13 69 67 31 30 14 68
67 69 0 66 49 31 68 0
31 68 67 49 32 0 30 0
49 67 66 50 48 32 31 49
1
1 2
3
13
3
43
4
24 p
60 p
47 i
7 i